# Detector X Y Effort
707 602626.7780085453 4093433.782152595
708 603617.2380617956 4093445.8329154905
709 604607.6992050798 4093457.9994640998
710 605598.1614488065 4093470.281799732
778 600657.6582898803 4092416.448001808
780 602638.8074401389 4092440.2000293024
784 606601.1187950686 4092489.093382381
851 600669.452982777 4091422.869468816
852 601660.1431338607 4091434.686527124
853 602650.834356726 4091446.6193476566
857 606613.6101746815 4091495.5082779266
923 599690.4400335215 4090417.5921420767
924 600681.2452089216 4090429.2923796545
925 601672.0514469395 4090441.108367712
926 602662.858758022 4090453.0401075245
927 603653.6671526157 4090465.087600376
928 604644.4766411671 4090477.250847566
929 605635.2872341222 4090489.5298504033
930 606626.0989419266 4090501.9246102124
931 607616.9117750258 4090514.43512833
932 608607.7257438649 4090527.0614061025
933 609598.5408588886 4090539.803444892
935 611580.174569268 4090565.634811022
936 612570.9931855116 4090578.724141148
937 613561.8129897158 4090591.929237857
995 598711.193547881 4089412.434119617
996 599702.1137312434 4089424.017557536
997 600693.0349680345 4089435.716734192
999 602674.8806437415 4089459.462308771
1000 603665.8051035759 4089471.5087092556
1002 605647.6573195006 4089495.948743107
1003 606638.5850965078 4089508.3423791067
1006 609611.3752292024 4089546.217779478
1007 610602.3075755162 4089559.0744149284
1008 611593.241090299 4089572.0468036737
1009 612584.1757840074 4089585.1349471146
1010 613575.1116670973 4089598.33884666
1011 614566.0487500245 4089611.6585037345
1012 615556.9870432445 4089625.093919773
1068 598722.7487667096 4088418.8620313527
1069 599713.7849859295 4088430.4444177006
1070 600704.8222598365 4088442.142532292
1071 601695.8605989026 4088453.9563763877
1072 602686.9000135999 4088465.8859512643
1073 603677.9405144 4088477.931258206
1074 604668.9821117743 4088490.0922985123
1075 605660.0248161939 4088502.369073494
1076 606651.0686381292 4088514.7615844747
1077 607642.113588051 4088527.2698327927
1078 608633.15967642935 4088539.893819795
1079 609624.2069137341 4088552.6335468413
1085 615570.5150512869 4088631.5025278935
1086 616561.5706242048 4088645.0524744247
1141 598734.3015665041 4087425.29138879
1142 599725.4537973034 4087436.8727224357
1143 600716.607084048 4087448.569773821
1144 601707.7614372228 4087460.382544207
1145 602698.9168673123 4087472.311034869
1146 603690.0733848006 4087484.3552470915
1150 607654.710538414 4087533.68933777
1151 608645.872650148 4087546.312177538
1214 598745.8519469908 4086431.722191795
1215 599737.1201650884 4086443.3024716084
1216 600728.38944039 4086454.998458646
1217 601719.6597833929 4086466.8101541684
1218 602710.931204594 4086478.7375594503
1219 603702.2037144899 4086490.780675779
1286 597766.0167747365 4085426.690910825
1287 598757.3999078961 4085438.1544402316
1288 599748.7840890083 4085449.7336650835
1289 600740.1693285834 4085461.4285866325
1290 601731.5556371309 4085473.2392061376
1291 602722.9430251602 4085485.1655248767
1292 603714.3315031808 4085497.2075441354
1293 604705.7210817015 4085509.3652652134
1359 597777.4463783047 4084433.1256501144
1360 598768.9454489461 4084444.588133967
1361 599760.4455687867 4084456.1663027275
1362 600751.9467483488 4084467.8601576444
1363 601743.4489981547 4084479.6696999813
1364 602734.9523287264 4084491.594931012
1365 603726.4567505857 4084503.635852025
1366 604717.962274254 4084515.7924643205
1432 597788.8735860336 4083439.5618356876
1433 598780.4885698676 4083451.0232728682
1434 599772.1046041471 4083462.6003844063
1437 602746.959115008 4083498.0257777227
1507 599783.7611948136 4082469.035909981
1509 601767.2282409332 4082492.53501275
1580 599795.4153405098 4081475.472879319
1581 600787.2641942877 4081487.1635274943
1582 601779.1141221244 4081498.969831405
1652 598815.1034091257 4080470.3373591965
1653 599807.0670409596 4080481.911292286
1654 600799.0317375518 4080493.6008692654
1655 601790.9975094746 4080505.406091396
1725 598826.6368467985 4079476.7782773995
1726 599818.716295887 4079488.3511487464
1727 600810.7968109935 4079500.039653388
1728 601802.8784027025 4079511.843792588
1729 602794.961081599 4079523.7635676214
777 599667.0853100772 4092404.7456458127
854 603641.5266618072 4091458.667931699
855 604632.2200595378 4091470.8322805497
998 601683.9572687141 4089447.531650845
1001 604656.7306586761 4089483.670853597
1213 597754.5847755998 4086420.2576179537
1220 604693.4773235773 4086502.9395044534
1355 593811.4603772669 4084388.432539208
1356 594802.955356344 4084399.432295684
1357 595794.4513425268 4084410.547732192
1358 596785.9483463393 4084421.7788499305
1367 605709.4689102522 4084528.0647692094
1428 593822.4239444397 4083394.872805962
1430 595805.6467275599 4083416.9859794574
1431 596797.2596421095 4083428.2160716257
1435 600763.7216994073 4083474.29317155
1436 601755.3398661828 4083486.101635564
1438 603738.5794564174 4083510.0655993153
1439 604730.2009009446 4083522.2211016417
1440 605721.8234591237 4083534.492286013
1441 606713.4471414877 4083546.879153756
1501 593833.3852126723 4082401.3145232224
1504 596808.568566062 4082434.6547405734
1505 597800.2983976526 4082445.999467406
1506 598792.029270387 4082457.459856795
1508 600775.4941814799 4082480.727628211
1510 602758.9633837205 4082504.458064874
1511 603750.6996203884 4082516.4967858694
1512 604742.4369614837 4082528.65117704
1513 605734.1754175524 4082540.921239695
1514 606725.9149991402 4082553.306975162
1515 607717.6557167927 4082565.8083847794
1516 608709.3975810554 4082578.425469897
1574 593844.3441817049 4081407.7576908576
1575 594836.1868128971 4081418.7544307085
1576 595828.0304547846 4081429.866818903
1577 596819.8751179288 4081441.0948566403
1578 597811.7208128907 4081452.438545137
1579 598803.5675502308 4081463.897885617
1583 602770.9651345793 4081510.8917923304
1589 608722.094577592 4081584.85242816
1590 609713.9534780179 4081597.5840249467
1591 610705.8135475281 4081610.4312894023
1592 611697.6747966792 4081623.3942229156
1593 612689.5372360277 4081636.472826888
1647 593855.3008512779 4080414.2023087316
1648 594847.2593179159 4080425.1980408942
1649 595839.2187964459 4080436.3094108137
1650 596831.179297442 4080447.5364196924
1651 597823.1408314776 4080458.879068745
1663 609726.7636653499 4080604.0112497234
1664 610718.739590957 4080616.8573371605
1665 611710.7166976022 4080629.819083075
1666 612702.6949958546 4080642.8964888677
1667 613694.6744962828 4080656.089555954
1719 592874.1819458515 4079409.7692792825
1720 593866.2552211317 4079420.648376708
1721 594858.3294989145 4079431.6431001076
1722 595850.4047897866 4079442.7534506693
1723 596842.4811043338 4079453.979429593
1724 597834.5584531426 4079465.321038094
1791 591892.8301622208 4078405.455312441
1792 592885.0182300699 4078416.2177964523
1793 593877.2072910069 4078427.0958946515
1796 596853.7805383365 4078460.4238862065
1797 597845.9736776152 4078471.7644530497
1800 600822.5594143338 4078506.4798797285
1864 591903.5484103295 4077411.9062701706
1865 592895.8522383568 4077422.667764513
1866 593888.157060644 4077433.544862423
1867 594880.4628878031 4077444.537565077
1868 595872.7697304453 4077455.645873668
1869 596865.0775991823 4077466.8697893946
1870 597857.3865046251 4077478.2093134727
1873 600834.3195472942 4077512.921548148
1874 601826.6327056651 4077524.7235180247
1937 591914.2644065593 4076418.358679706
1938 592906.6839704554 4076429.119183329
1939 593899.1045297836 4076439.9952798886
1940 594891.5260951684 4076450.9869705616
1941 595883.9486772339 4076462.0942565403
1944 598861.2226297511 4076496.109698386
1945 599853.649384775 4076507.679377728
1946 600846.077209596 4076519.3646585126
1947 601838.5061148369 4076531.1655420023
2014 595895.1252746419 4075468.544086812
2015 596887.6646003331 4075479.765934959
2016 597880.2049651749 4075491.1033701864
2017 598872.746379803 4075502.556393722
922 598699.635910292 4090406.0076537193
994 597720.2744074874 4089400.966419189
1066 596740.6794504405 4088396.0444384078
1067 597731.7135917043 4088407.395372001
1138 595760.8511049274 4087391.2416818566
1211 595772.0535309452 4086397.675583257
1284 595783.2536102334 4085404.110933414
1429 594814.0348318487 4083405.8715579687
1502 594825.1119841207 4082412.3122696886
1584 603762.8172422119 4081522.9294115542
1586 605746.5247852453 4081547.351630123
1657 603774.9323216005 4080529.363476236
1658 604766.9013829466 4080541.5156415333
1659 605758.87156191 4080553.783457164
1731 604779.129743291 4079547.9500303613
1732 605771.2157472541 4079560.2167206826
1733 606763.3028807401 4079572.59905207
1805 605783.5573409848 4078566.651420544
1806 606775.7602765033 4078579.032614819
1879 606788.215056056 4077585.4676125664
1952 606800.6672191032 4076591.904045179
1953 607793.102829918 4076604.3985721646
1954 608785.5395955017 4076617.008711059
2026 607805.6681066223 4075610.8352881293
2027 608798.2206040241 4075623.4442650117
2099 607818.2307419182 4074617.27343747
2100 608810.8989468254 4074629.8812511093
2173 608823.5746236051 4073636.3196692145
2246 608836.2476340629 4072642.759519193
2318 607855.9027963786 4071636.5964843826
2319 608848.9179778984 4071649.2008009073
2320 609841.934331673 4071661.920677406
2393 609854.7176201867 4070668.3622118626
2466 609867.4982171517 4069674.805176545
703 598664.9484877023 4093386.736932382
704 599655.404284908 4093398.324565274
712 607579.0892792196 4093495.1938373665
781 603629.3836314378 4092452.24970336
782 604619.9609140785 4092464.4151526843
783 605610.5392984818 4092476.6963785826
785 607591.699414259 4092501.6061654133
786 608582.2811664734 4092514.234729026
787 609572.8640621314 4092526.9790745806
860 609585.7038030969 4091533.3905432154
918 594736.4297301257 4090360.8271677056
919 595727.2297491507 4090371.9486715426
920 596718.0307785545 4090383.1859196816
921 597708.8328287858 4090394.5389133324
934 610589.3571305417 4090552.6612460697
989 592765.6939839296 4089345.363936548
990 593756.6080663896 4089356.252967825
1062 592776.5530133367 4088351.797937328
1065 595749.6463324453 4088384.809229348
1081 611606.3048770004 4088578.4602265824
1134 591796.2646366041 4087347.4620466046
1139 596752.0002308016 4087402.47586973
1147 604681.2310001714 4087496.5151821747
1148 605672.3897239085 4087508.790841432
1152 609637.0359121795 4087559.0507468497
1153 610628.2003349904 4087571.9050470786
1154 611619.3659290625 4087584.875079613
1155 612610.5327048772 4087597.96084585
1156 613601.7006729154 4087611.162347202
1206 590815.7430017904 4086343.2452659938
1207 591807.0031401908 4086353.899931956
1210 594780.7894366854 4086386.558119965
1221 605684.7520423518 4086515.214046786
1222 606676.0278813095 4086527.604304101
1224 608658.5829617558 4086552.731969035
1225 609649.8622242345 4086565.4693793682
1279 590826.3633023897 4085349.6855751085
1282 593800.4945114133 4085381.9937231005
1283 594791.8735578686 4085392.9944829713
1295 606688.5035822769 4085534.02781809
1296 607679.896525348 4085546.5326525504
1297 608671.2906109516 4085559.153194153
1352 590836.9813774304 4084356.127338156
1368 606700.9766691015 4084540.4527680194
1371 609675.5067879579 4084578.3109414023
1425 590847.5972266607 4083362.570555004
1427 592830.8140547967 4083383.9897222463
1444 609688.3250390183 4083584.733870653
1445 610679.9533234495 4083597.5834853845
1498 590858.2108498294 4082369.0152255124
1499 591849.9346560761 4082379.666002304
1500 592841.659440174 4082390.432434486
1517 609701.1406024729 4082591.1582318787
1518 610692.8847915902 4082604.0066720988
1519 611684.6301589513 4082616.9707919476
1570 589876.983552657 4081364.927191312
1571 590868.8222466849 4081375.4613495474
1572 591860.6619091608 4081386.1111514466
1585 604754.6704555809 4081535.0826903805
1642 588895.5233263717 4080360.9581731334
1643 589887.4768921641 4080371.3757340834
1644 590879.431416976 4080381.9089269736
1715 588905.8986580163 4079367.4091259637
1717 590890.0383604513 4079388.357957654
1786 586931.9043482955 4078353.377064895
1787 587924.0876097054 4078363.5614951793
1788 588916.2718112024 4078373.861533955
1789 589908.456963387 4078384.277182338
1790 590900.6430768598 4078394.8084414536
1799 599830.363105016 4078494.7924485654
1801 601814.7568015265 4078518.282934844
1804 604791.3555363241 4078554.3858567285
1875 602818.9469537928 4077536.641102515
1876 603811.2623022869 4077548.6743029053
1878 605795.8963428098 4077573.0875566103
1949 603823.3672090662 4076555.11412222
1950 604815.7994192981 4076567.26182154
1951 605808.2327524368 4076579.5251287506
711 606588.6248033838 4093482.6799237095
713 608569.5548867213 4093507.8235420506
1084 614579.4607005753 4088618.0683312854
1157 614592.8698436583 4087624.4795850916
1226 610641.1426488764 4086578.322510104
1227 611632.4242461758 4086591.291362633
1229 613614.9910007219 4086617.576238674
1294 605697.1117712307 4085521.638689423
1298 609662.6858495953 4085571.889444263
859 608595.0047856218 4091520.6473504207
1004 607629.5140001554 4089520.851762934
1005 608620.4440409013 4089533.4768959386
1140 597743.1503811653 4087413.8257716345
1149 606663.549566495 4087521.1822261843
1223 607667.3048509458 4086540.1102777333
1369 607692.485561322 4084552.9564620857
1370 608683.9955974342 4084565.5758527587
1372 610667.0191434127 4084591.1617293903
1373 611658.5326743178 4084604.1282181093
1374 612650.0473911923 4084617.2104089605
1446 611671.5827847278 4083610.5487903007
1447 612663.2134333845 4083623.629786803
684 579846.4736893157 4093188.568636613
685 580836.9115451832 4093197.9566609426
686 581827.3502516123 4093207.4604443004
687 582817.7898190179 4093217.07998771
688 583808.2302578143 4093226.8152922066
689 584798.6715784157 4093236.6663588365
690 585789.113791236 4093246.6331886626
691 586779.5569066888 4093256.715782757
692 587770.0009351878 4093266.9141422054
758 580846.3862452577 4092204.3958484055
759 581836.9410641288 4092213.8987728315
766 588770.8495163699 4092283.660291443
767 589761.4115232532 4092294.089242355
768 590751.9744755543 4092304.633951502
769 591742.5383836977 4092315.2944200165
770 592733.1032581084 4092326.0706490497
832 581846.5298712683 4091220.3385650977
833 582837.2016413537 4091229.9563688
834 583827.8742849202 4091239.6899126708
838 587790.5738027786 4091279.781511011
839 588781.250970334 4091290.093771708
844 593734.6510585512 4091343.39129757
845 594725.3339993428 4091354.398055256
846 595716.0179388691 4091365.5205665156
847 596706.7028875664 4091376.7588325497
850 599678.7638930406 4091411.168171458
907 583837.6932173673 4090246.129415539
908 584828.4828118907 4090255.977808415
909 585819.2733018438 4090265.9419330964
910 586810.0646976777 4090276.021790656
913 589782.4444249738 4090306.955771527
914 590773.2395488387 4090317.498571585
915 591764.0356308367 4090328.157110078
991 594747.5231395143 4089367.257730535
992 595738.4392137646 4089378.378225865
993 596729.3562996021 4089389.6144550126
1064 594758.6142272456 4088373.6897436124
1135 592787.4097693816 4087358.233390355
1136 593778.5558847035 4087369.1204433613
1137 594769.7029930569 4087380.1232068003
1205 589824.4838261062 4086332.706296459
1208 592798.2642518072 4086364.670295496
1278 589834.9881744559 4085339.147565776
1351 589845.4903215347 4084345.590290056
1354 592819.9663947718 4084377.5484615755
1426 591839.2051523826 4083373.222305648
705 600645.8611305107 4093410.027978765
840 589771.9290740022 4091300.5217790543
841 590762.6081242206 4091311.0655341716
842 591753.2881314269 4091321.725038195
856 605622.9145603515 4091483.1123955185
858 607604.3069129607 4091508.0199291124
861 610576.4039758181 4091546.249508865
916 592754.8326814177 4090338.9313881523
917 593745.6307110309 4090349.8214069707
1060 590794.495724922 4088330.3690101095
1061 591785.5238836799 4088341.0256144176
1063 593767.5831243672 4088362.685980001
1133 590805.1204758841 4087336.80641095
1204 588833.2256026383 4086322.2830222137
1212 596763.3186404172 4086408.908748849
1276 587852.2407681253 4085318.418600268
1277 588843.6139998721 4085328.7252412047
1280 591817.7393941857 4085360.339270338
1281 592809.1164603563 4085371.108652614
1285 596774.6346790191 4085415.3430756275
1349 587862.5110626686 4084324.863215386
1353 591828.4733983345 4084366.780061613
1422 587872.7792042734 4083331.3092873553
1495 587883.0451926962 4082337.7568160365
1568 587893.3090276938 4081344.2058012965
1573 592852.5025506468 4081396.876598163
1641 587903.5707090233 4080350.6562429983
1645 591871.3869113825 4080392.5577529427
1714 587913.8302364415 4079357.1081410036
1716 589897.968029157 4079377.8257311382
1718 591882.1096624872 4079399.005806652
1795 595861.5884345412 4078449.198938333
407 594658.7108800882 4097315.85384607
480 594669.820533715 4096322.2742534163
481 595659.9237117465 4096333.4017855027
554 595671.1472463803 4095339.8226420428
555 596661.3676295755 4095351.064968684
628 596672.704997642 4094357.4862616835
629 597663.0425745546 4094368.84336215
1503 595816.8397650676 4082423.4256750722
1587 606738.3802417633 4081559.7362321056
1588 607730.2368356929 4081572.2364976676
1661 607742.8153149721 4080578.66604474
1734 607755.3911543321 4079585.097025861
1735 608747.4805786128 4079597.710643407
1807 607767.964353475 4078591.529440895
1808 608760.1695824955 4078604.1419001217
1881 608772.8559215587 4077610.5745893833
862 611567.105314217 4091559.2242487585
1080 610615.2553104347 4088565.489015309
1082 612597.3556239 4088591.5471820594
1209 593789.5263471389 4086375.556357774
1299 610654.082251786 4085584.741404253
1300 611645.4798280306 4085597.70907551
1301 612636.8785888355 4085610.7924594334
1442 607705.0719585697 4083559.381706208
1443 608696.6979209024 4083571.999944719
1656 602782.9643673003 4080517.3269599583
1798 598838.1678629756 4078483.220640089
1802 602806.9552771912 4078530.2016151864
1872 599842.0074680706 4077501.235191604
1942 596876.3722866038 4076473.3171390244
2020 601850.3770287607 4075537.609006637
2088 596898.9545401031 4074486.216177062
2093 601862.2454471552 4074544.053911793
2161 596910.2421056461 4073492.6678651967
2162 597903.0138326299 4073504.003207147
2166 601874.1113697392 4073550.500257336
2235 597914.4146682714 4072510.455292878
2236 598907.3030933404 4072521.905142848
2239 601885.9747962316 4072556.94804313
2309 598918.8171514036 4071528.3576131384
2312 601897.8357263514 4071563.3972690348
2381 597937.209142032 4070523.3637981582
2382 598930.3287857878 4070534.8115268284
2383 599923.4494962054 4070546.374791674
2384 600916.5712839827 4070558.0535939485
2385 601909.6941598175 4070569.8479349203
2457 600928.3116438786 4069564.5067941244
2458 601921.550096349 4069576.3000406446
714 609560.0216362965 4093520.569039122
715 610550.489538352 4093533.4303299524
788 610563.4481116525 4092539.839203449
1231 615597.5625718207 4086644.3240188356
1232 616588.8501898095 4086657.8715015603
1302 613628.2785447066 4085623.9915574365
1303 614619.6797061501 4085637.3063709443
1304 615611.082083671 4085650.7369013918
1305 616602.4856877748 4085664.2831502305
1306 617593.8905289662 4085677.9451189213
353 613455.3234249514 4098540.7037801035
426 613468.644353991 4097547.1019626386
427 614458.6521149492 4097560.431244428
499 613481.9625026779 4096553.5015739165
500 614472.0865137901 4096566.8296571686
571 612505.0388249237 4095546.6915506204
573 614485.5181077085 4095573.229497223
642 610537.5282562237 4094527.022888508
643 611527.8811480425 4094540.0011456227
646 614498.9468963863 4094579.6307644597
718 613521.9002634651 4093572.7089789053
790 612544.6197139603 4092565.906816678
791 613535.2072875844 4092579.114303848
863 612557.807828725 4091572.3147642906
1083 613588.4075616023 4088604.7498831525
1158 615584.0402275858 4087637.912560958
1159 616575.2118351783 4087651.4612762486
1228 612623.7070266263 4086604.3759383517
570 611514.8009600102 4095533.596306236
574 615475.759546341 4095586.672202298
647 615489.3045381074 4094593.072257975
720 615502.8467000553 4093599.473739386
792 614525.7960567464 4092592.437579945
864 613548.5115297732 4091585.5210568756
985 588802.047351498 4089302.9651024807
986 589792.957575919 4089313.3912196383
987 590783.8687491564 4089323.93306361
988 591774.7808816726 4089334.5906355307
1058 588812.4422782052 4088309.402952717
1131 588822.8350286672 4087315.842259341
1132 589813.9772767342 4087326.266482241
1943 597868.7969339017 4076484.6556192306
2012 593910.0496981664 4075446.4471469102
2013 594902.5869774653 4075457.43782453
287 620370.4515053838 4099630.061930015
359 619394.6905104045 4098622.4244761704
360 620384.5893358041 4098636.450094254
431 618418.6952496355 4097614.906810783
432 619408.7091077929 4097628.8153194943
433 620398.7242164525 4097642.8396780263
503 617442.4657896478 4096607.50890514
506 620412.8561469939 4096649.2306811935
575 616466.0021969735 4095600.2307304796
576 617456.2460699859 4095613.905083225
579 620426.9851270933 4095655.623103631
637 605585.7810116189 4094463.8686590986
638 606576.1281999233 4094476.2679020455
639 607566.476508141 4094488.7829451063
640 608556.8259466672 4094501.413789627
641 609547.1765258966 4094514.1604369725
644 612518.2352117469 4094553.0952097108
645 613508.5904577306 4094566.305082183
648 616479.6633932859 4094606.6295641754
649 617470.0234723144 4094620.302684522
650 618460.3847855845 4094634.091620485
651 619450.7473434878 4094647.9963735472
652 620441.1111564154 4094662.0169452075
719 614512.372879505 4093586.0334587423
779 601648.2323297601 4092428.266129213
1660 606750.8428690616 4080566.1669244533
1730 603787.0448582671 4079535.798979779
1803 603799.1548519249 4078542.235922048
501 615462.2117250775 4096580.2735724906
502 616452.3381469076 4096593.833321328
572 613495.2778706963 4095559.9026138075
1423 588864.3842631438 4083341.614046988
1424 589855.9902670935 4083352.0344691635
1496 588874.7661286896 4082348.06063351
1497 589866.4880108838 4082358.4801029605
1662 608734.7889102114 4080591.280819376
1736 609739.5711641649 4079610.439906075
1737 610731.6629215705 4079623.284815239
1738 611723.7558614113 4079636.245372288
1230 614606.2761789558 4086630.8922650227
2089 597891.6105981744 4074497.552566204
561 602602.7116014793 4095420.950724652
633 601624.4032496224 4094415.429661961
634 602614.7460622303 4094427.365717667
706 601636.31903492 4093421.847174114
1375 613641.5633045547 4084630.408303357
1376 614633.0804249233 4084643.721902724
1449 614646.4783349581 4083650.1388602285
1522 614659.8734359366 4082656.5572433234
1595 614673.2657275415 4081662.977051878
1668 614686.6552094553 4080669.398285758
1739 612715.8499942692 4079649.3215786256
1740 613707.9453307254 4079662.513435663
1741 614700.0418813608 4079675.820944829
1877 604803.5787617563 4077560.823120499
541 582798.3698790169 4095204.2094583516
614 582808.0808636106 4094210.643991498
695 590741.3386030914 4093298.2038237117
696 591731.7863879038 4093308.865255678
761 583818.0532983249 4092233.2518715155
764 586789.7282971544 4092263.14965984
765 587780.2884444788 4092273.347097642
835 584818.5478124071 4091249.53919776
836 585809.2222342534 4091259.5042251297
837 586799.8975608977 4091269.5849958505
843 592743.9691060581 4091332.5002922746
905 581856.1166728039 4090226.7798209665
906 582846.9045078224 4090236.3967534043
983 586820.2297072537 4089282.46004412
984 587811.1380654306 4089292.6547110113
1794 594869.3973556311 4078438.0896082153
1871 598849.6964573842 4077489.6644471292
1377 615624.5987628163 4084657.1512084957
1520 612676.3767151004 4082630.0505928234
489 603580.7861201097 4096426.591196035
490 604570.8986997538 4096438.761035376
491 605561.0123758803 4096451.046693011
492 606551.1271588599 4096463.4481702633
493 607541.243059063 4096475.9654684663
562 603592.9393058437 4095433.0036616954
566 607553.8611013226 4095482.3734887606
567 608544.0943466128 4095495.0054718894
1448 613654.845279951 4083636.8264763043
1521 613668.124470581 4082643.246076141
1594 613681.4008761299 4081649.6671027346
498 612491.8396813731 4096540.2893213
636 604595.4349328324 4094451.5852149324
1948 602830.9361111196 4076543.0820294744
1811 611736.7922877976 4078642.673090424
1884 611749.8259764519 4077649.1022373433
1885 612742.151705615 4077662.1760409377
1886 613734.4786412213 4077675.365474017
1958 612755.2984179226 4076668.605413225
428 615448.6610746379 4097573.8763686838
569 610524.5642655748 4095520.6168792485
865 614539.2164277921 4091598.843127932
1809 609752.3759741596 4078616.869993867
1810 610744.5835390622 4078629.7137235035
1812 612729.00223096 4078655.748096027
1813 613721.213379143 4078668.938741729
1814 614713.4257429404 4078682.245028958
1882 609765.1780950306 4077623.3015129627
1883 610757.501443126 4077636.1440618183
2018 599865.2888548533 4075514.1250068047
2090 598884.2677072672 4074509.004533001
1880 607780.534912103 4077597.963289707
2022 603835.469571976 4075561.5553798536
2094 602854.9068668126 4074555.9682017425
2171 606838.008006261 4073611.221950847
2172 607830.790735508 4073623.71302005
2240 602878.8675419986 4072568.860130903
2241 603871.7613946211 4072580.887781322
2242 604864.6563647705 4072593.0309956935
2243 605857.5524631185 4072605.2897753306
2313 602890.844098692 4071575.3082539765
716 611540.9586032943 4093546.4074159255
789 611554.03332545585 4092552.8151170155
1646 592863.3433859582 4080403.322213141
2021 602842.9227488876 4075549.5243959283
2023 604828.01750866 4075573.701959715
2095 603847.5693907294 4074567.9980756724
2168 603859.6666650401 4073574.4422095413
1936 590921.84582747065 4076407.713767857
2009 590932.443861171 4075414.1686101896
2010 591924.9781506564 4075424.8125409116
2011 592917.5134261092 4075435.572052764
2084 592928.3406050617 4074442.0263726804
2085 593920.9925655333 4074452.9004633534
2157 592939.1655070565 4073448.4821429425
2158 593931.9331316248 4073459.3552290807
1160 617566.3846769156 4087665.125732424
1161 618557.5587632771 4087678.9059309587
1233 617580.1390434143 4086671.5347146606
568 609534.3287312363 4095507.7532682614
717 612531.4288415301 4093559.5002984405
406 593668.7249187015 4097304.8411292485
630 598653.3811778112 4094380.3162511704
494 608531.3600868597 4096488.598588967
495 609521.4782526197 4096501.3475331236
496 610511.5975667126 4096514.2123023067
497 611501.7180395075 4096527.1928979
1861 588926.6427856841 4077380.315396972
1862 589918.9436946056 4077390.730087546
793 615516.386031864 4092605.8766464056
794 616506.9772233547 4092619.431504675
795 617497.569641636 4092633.1021562163
796 618488.1632971244 4092646.8886024994
356 616425.0014868111 4098581.0427771863
357 617414.8965962493 4098594.720819124
358 618404.7929339999 4098608.514718292
429 616438.6712434122 4097587.437336855
434 621388.7405859675 4097656.979887888
507 621402.9887770385 4096663.369619738
635 603605.0899531682 4094439.4175682263
724 619464.7542354552 4093654.392899156
725 620455.2342346257 4093668.412205789
797 619478.7582002368 4092660.7908450104
869 618502.0481981788 4091653.2892257785
941 617525.1042950003 4090645.907319175
942 618515.9301956501 4090659.6912703956
1013 616547.9265572123 4089638.6450962233
1014 617538.8673023825 4089652.312034548
1307 618585.2966177496 4085691.722808941
1380 618599.1611868157 4084698.133378816
721 616493.321735521 4093613.0298222844
849 598688.0758542166 4091399.582633791
866 615529.9225332122 4091612.2809788967
867 616520.6298564636 4091625.834611216
940 616534.279634524 4090632.2391417767
259 592656.978711565 4099281.103832024
260 593646.7311735821 4099292.0026908624
333 593657.729193661 4098298.4211837905
334 594647.5989069083 4098309.43489004
1935 589929.4282225645 4076397.1844466277
2019 600857.8324009608 4075525.809210688
2083 591935.6896423673 4074431.26785365
2086 594913.6455344313 4074463.8901268463
2087 595906.2995224049 4074474.995364348
2091 599876.9258780298 4074520.5720786955
2159 594924.7017658048 4073470.343877373
2163 598895.7866118706 4073515.4541160893
2164 599888.5604540289 4073527.020593263
2233 595928.6409679366 4072487.9022606644
2234 596921.5272966946 4072499.120999227
722 617483.7979963067 4093626.7017088947
1015 618529.8092892097 4089666.0947362194
1088 618543.6854785283 4088672.4996231184
1569 588885.1458165142 4081354.5086756037
1713 586921.7627538443 4079346.922775147
1350 588854.0002201226 4084335.168916173
1421 586881.1750799443 4083321.120189148
1493 585899.6061171093 4082317.4961325773
1494 586891.325192353 4082327.568649425
1566 585909.6382497676 4081323.946972441
1640 586911.6190295432 4080340.4699425614
577 618446.4911757573 4095627.6952620093
868 617511.338407976 4091639.504026353
1420 585889.5718796185 4083311.046751269
1450 615638.1126089361 4083663.566940015
2092 600869.58512111 4074532.255204538
2308 597925.8131048288 4071516.908823261
939 615543.4562037794 4090618.6867367295
288 621360.2352810926 4099644.2046783715
361 621374.4894205396 4098650.591574054
798 620469.3543613891 4092674.808885245
871 620483.4715363708 4091681.2069834466
944 620497.5857592362 4090687.6065002615
1017 620511.6970296507 4089694.0074355574
1089 619534.7447808674 4088686.3968282393
1162 619548.7341047418 4087692.8018733403
1203 587841.9683208864 4086311.9754421352
1234 618571.429143127 4086685.3136596107
1235 619562.7204994396 4086699.2083378956
1348 586871.0228386474 4084314.6731865783
1639 585919.6682773558 4080330.3992707245
1712 585929.6961996364 4079336.8530272897
1785 585939.7220163718 4078343.308242001
1858 585949.7457273246 4077349.7649147194
1931 585959.7673322575 4076356.223045309
1932 586952.1811466881 4076366.2900153287
2005 586962.316350149 4075372.748675742
2006 587954.8468021426 4075382.9302933426
2007 588947.3781975519 4075393.2274875385
2008 589939.9105470154 4075403.6402594456
912 588791.6502487923 4090296.528708766
1057 587821.4169692956 4088299.0934973713
1129 586840.5533438305 4087295.340926482
1130 587831.6937211953 4087305.5337411244
1202 586850.7119703499 4086301.7835551095
1274 585869.4970910901 4085298.1523648617
1275 586860.8684687023 4085308.227641853
1346 584888.0491487993 4084294.640140517
1347 585879.5355375329 4084304.5988286515
1419 584897.9695927572 4083301.0889726295
977 580874.7984579392 4089223.722198231
1049 579893.2470619848 4088220.7834707582
1050 580884.2652322379 4088230.167243536
1051 581875.2842581546 4088239.6667229612
1052 582866.304150212 4088249.28191006
1126 583867.1376874949 4087265.456693059
1127 584858.2753374688 4087275.302403529
1128 585849.4138860845 4087285.263814312
1059 589803.4685265888 4088319.8281232556
1200 584868.2020209201 4086281.7468558312
1201 585859.4565405281 4086291.707360037
1271 582895.3883839819 4085268.6206116136
1272 583886.7570592437 4085278.3488508104
1273 584878.1266247752 4085288.1927682064
1343 581913.5953516198 4084265.4580841837
1414 579939.9714915539 4083253.034930816
1415 580931.5693691787 4083262.4144291403
1487 579949.3105018607 4082259.4896164355
1488 580941.024248088 4082268.868257124
1489 581932.7388561049 4082278.3625412323
1490 582924.4543364636 4082287.9724697876
1491 583916.170699716 4082297.6980438284
1492 584907.887956414 4082307.5392644024
1561 580950.4771436484 4081275.323548409
352 612465.4331253414 4098527.4891525027
354 614445.2149115045 4098554.034259127
423 610498.6281599447 4097507.8091578144
424 611488.6323868446 4097520.7909207465
425 612478.637781408 4097533.888521885
1955 609777.9775264744 4076629.7344632284
2024 605820.5665695734 4075585.964136828
2025 606813.1167653498 4075598.341912519
2096 604840.2330295522 4074580.1435348894
2097 605832.8977939272 4074592.404580707
1524 616643.3750384445 4082683.5266350573
1596 615665.1318008184 4081676.402675759
2156 591946.3988814378 4073437.7246177825
2160 595917.471420258 4073481.4480890105
1860 587934.3428285721 4077370.016305384
1933 587944.5958927989 4076376.472571485
2004 585969.786830933 4075362.6826336333
2076 584987.1599466513 4074359.1941300877
2082 590943.0396668 4074420.6249050936
2147 583011.5424442443 4073346.1069471072
2148 584004.3005591489 4073355.8244744237
2149 584997.0595770336 4073365.6575526767
2154 589960.8685843999 4073416.55624574
2219 582028.335883538 4072342.9725470315
2220 583021.2087336926 4072352.573636317
2222 585006.957124768 4072372.12243356
2223 585999.8326870427 4072382.0701436372
2226 588978.4649689321 4072412.6065326603
2292 582037.8845355111 4071349.441585385
2297 587002.8358534911 4071398.597882159
2298 587995.8288858333 4071408.775735603
2367 584033.640137427 4070375.226222781
2368 585026.7459713557 4070385.0565696484
2369 586019.8527221468 4070395.0024364507
2370 587012.9604005015 4070405.0638242667
2371 588006.0690171216 4070415.240734189
2372 588999.1785827079 4070425.533167317
2373 589992.2891079613 4070435.9411247703
2438 582056.9758088237 4069362.3840445396
2439 583050.1953957184 4069371.982463766
2445 589009.5321187165 4069431.9986656066
2446 590002.7582061521 4069442.4056571214
2510 581073.184199391 4068359.375433066
2511 582066.5184297112 4068368.857465061
2512 583059.8535468578 4068378.4549923935
2513 584053.1895615584 4068388.1680161054
2514 585046.52648454 4068397.996537251
2515 586039.8643265296 4068407.9405568964
2516 587033.2030982539 4068418.0000761203
2517 588026.5428104394 4068428.1750960145
2518 589019.8834738121 4068438.4656176837
2519 590013.225099098 4068448.871642244
1451 616629.7481124154 4083677.110717112
1523 615651.6236217102 4082669.984095813
1597 616656.9991065154 4081689.943975827
938 614552.6339923242 4090605.2501025726
1957 611762.8569270654 4076655.5328129157
1959 613747.7411166459 4076681.7936323946
2031 612768.4423675712 4075675.036212754
2101 609803.5683198675 4074642.604656736
2102 610796.2388716892 4074655.4436557298
2103 611788.9106129351 4074668.3982494804
2167 602866.888464611 4073562.4134467784
2169 604852.4459816855 4073586.5865469277
1016 619520.7525281478 4089679.993202723
1087 617552.6274297964 4088658.718172342
1308 619576.7039646292 4085705.6162217744
1309 620568.1125801088 4085719.6253589205
1378 616616.1183287512 4084670.696222124
1379 617607.6391332453 4084684.3569450728
1381 619590.684499979 4084712.02552484
1382 620582.2090832517 4084726.0333846468
1383 621573.7349471494 4084740.156959747
1456 621587.9444408638 4083746.565113912
1457 622579.5875424657 4083760.8031060365
2155 590953.6332441065 4073427.0826524314
2170 605845.2264252063 4073598.8464602535
2098 606825.5636945006 4074604.7812144537
2165 600881.3353697651 4073538.702639925
2315 604876.8641785178 4071599.476881048
1452 617621.3848559259 4083690.770192985
1453 618613.0228499969 4083704.545369107
1454 619604.6621051577 4083718.436246966
1455 620596.3026319372 4083732.4428280643
2237 599900.1925825749 4072533.4705503755
2238 600893.0831466478 4072545.1515167137
2311 600904.8284514798 4071551.601834767
2456 599935.074280739 4069552.8290755907
943 619506.757346915 4090673.5909969253
979 582856.605344185 4089242.8386005363
980 583847.5100954338 4089252.5703799827
981 584838.415732719 4089262.4178796853
982 585829.3222665044 4089272.3811007063
1053 583857.3249188871 4088259.012805868
1054 584848.3465746568 4088268.859411435
1055 585839.3691279973 4088278.821727824
1056 586830.3925893849 4088288.8997561075
848 597697.3888558705 4091388.1128545664
1564 583925.9711343709 4081304.1506959903
1635 581951.8743300067 4080291.2728477814
1636 582943.8214787871 4080300.8810159834
1707 580969.376983827 4079288.238520338
1708 581961.4390549223 4079297.730194276
1779 579986.6469503585 4078285.3229997205
1780 580978.8239279976 4078294.6982007064
1851 579003.684294749 4077282.5262556886
1852 579995.9761631954 4077291.7850050544
1853 580988.2688879241 4077301.1593438275
1854 581980.5624795505 4077310.6492730193
1863 590911.2455659498 4077401.2603782327
1923 578020.4890821077 4076279.8482579463
1924 579012.8958256595 4076288.990577049
1925 580005.3034158753 4076298.2484739204
1927 581990.1211788101 4076317.111004994
1934 588937.0115812158 4076386.7707148795
2000 581999.677869065 4075323.5741985203
2001 582992.203763561 4075333.1779494295
2002 583984.730548278 4075342.897271549
2003 584977.2582338556 4075352.7321659285
2229 591957.1058676146 4072444.1828331733
2303 592960.8084791473 4071461.3980339533
2306 595939.8081651763 4071494.3578791698
2377 593964.7410196568 4070478.7282205927
2378 594957.856503751 4070489.71381685
945 621488.4154430546 4090701.737781914
946 622479.2464088107 4090715.9848434054
1018 621502.6428041717 4089708.1374362325
2077 585979.8042231138 4074369.1436795546
2150 585989.8195085628 4073375.6061829347
2151 586982.5803644003 4073385.670366273
2224 586992.7091747107 4072392.1333961166
2230 592949.9881318371 4072454.939363414
2231 593942.871396182 4072465.8114439547
2232 594935.7556713239 4072476.7990759746
2301 590974.8137127487 4071440.002503861
2302 591967.8106006441 4071450.6424996834
1567 586901.4731756327 4081334.018567275
1637 583935.7695125542 4080310.604808506
1638 584927.718441885 4080320.4442263977
1709 582953.5020014615 4079307.337480895
1781 581971.0017715123 4078304.189002735
1782 582963.1804915052 4078313.7954068338
1855 582972.8569486892 4077320.2547936593
1856 583965.1523059548 4077329.975906786
1857 584957.448561962 4077339.8126134514
1930 584967.3544388809 4076346.271660337
1783 583955.3600985782 4078323.5174140413
1784 584947.5406033332 4078333.355025409
1859 586942.0438126569 4077359.8328116676
1928 582982.531372784 4076326.7156412383
1999 581007.1528541504 4075314.086017778
2072 581016.591860003 4074320.5515483334
2074 583001.8741207907 4074339.6417180994
2075 583994.5165827608 4074349.3601432904
2081 589950.39066771 4074410.097525862
2145 581026.0288807171 4073327.01854109
2153 588968.1048916556 4073406.1453965665
2217 580042.5928206088 4072324.116981931
2225 587985.5865984485 4072402.3121920903
2290 580051.9102691917 4071330.5877663787
2363 580061.2257562933 4070337.0600135294
2436 580070.5392816928 4069343.5337232435
2437 581063.7571077202 4069352.9011313748
2441 585036.6372697405 4069391.525824581
172 578791.2852324053 4100134.2513254965
173 579780.9087959084 4100143.5294326376
174 580770.533192508 4100152.923370652
244 577810.8022125259 4099131.5204743305
248 581769.763276323 4099168.861219148
284 617401.1076838425 4099588.3289114567
285 618390.8877170873 4099602.124048059
317 577819.9400265961 4098137.9533687495
321 581779.3661163287 4098175.2907624226
355 615435.1075953436 4098567.480591007
389 576839.105243382 4097135.3437184575
390 577829.0759336654 4097144.3877313607
395 582778.9418231908 4097191.344781804
463 577838.2099335174 4096150.8235620246
468 582788.656865467 4096197.776388408
471 585758.9353606908 4096227.33758466
472 586749.0299773678 4096237.4229064314
473 587739.1255038062 4096247.6240248443
505 619422.7247793245 4096635.207583583
536 577847.3420259358 4095157.260860612
544 585768.9969393574 4095233.767992389
546 587749.4194646077 4095254.052605672
547 588739.6321039052 4095264.3685927456
578 619436.7375246669 4095641.6012683124
609 577856.4722107042 4094163.699626985
610 578846.792263007 4094172.856962955
615 583798.4051636208 4094220.3801748804
616 584788.7303443786 4094230.2321308395
617 585779.0564162852 4094240.1998604345
620 588750.0400829089 4094270.7977018277
621 589740.3698234203 4094281.2285368196
683 578856.0366735952 4093179.296370299
694 589750.8917729763 4093287.6581615657
756 578865.279151834 4092185.737244264
762 584808.6107345036 4092243.102047855
763 585799.1690639714 4092253.06797694
830 579865.1889097835 4091201.450174073
870 619492.7592375007 4091667.1902109776
904 580865.3297018601 4090217.2786171846
911 587800.8570098437 4090286.217382179
978 581865.7014685082 4089233.2225402994
1047 577911.2132465597 4088202.363041116
1048 578902.2297369179 4088211.515403619
1090 620525.8053472796 4088700.4097892027
1091 621516.8671882311 4088714.538507522
1092 622507.9303141873 4088728.782984719
1105 563053.4360462568 4087085.4217750086
1106 564044.5572480585 4087092.838005022
1107 565035.6791281865 4087100.369915668
1108 566026.8016971345 4087108.017507756
1109 567017.9249653951 4087115.780782114
1110 568009.0489434615 4087123.6597395786
1111 569000.1736418263 4087131.654380999
1112 569991.2990709818 4087139.764707236
1113 570982.4252414204 4087147.990719167
1114 571973.5521636342 4087156.3324176776
1115 572964.6798481151 4087164.789803669
1116 573955.8083053547 4087173.362878052
1117 574946.9375458445 4087182.051641753
1118 575938.0675800757 4087190.8560957066
1119 576929.1984185394 4087199.7762408643
1123 580893.730024532 4087236.6137529593
1125 582876.0009256736 4087255.7266818373
1163 620539.9107117886 4087706.813561067
1164 621531.0885948957 4087720.9409956494
1165 622522.2677645414 4087735.1841786117
1173 558104.6356753283 4086056.54075942
1174 559095.8695893727 4086063.3779755654
1175 560087.1041300201 4086070.330857944
1176 561078.3393077775 4086077.399407303
1177 562069.5751331511 4086084.583624407
1178 563060.8116166474 4086091.88351003
1196 580903.1928345971 4086243.061726368
1197 581894.4438183649 4086252.55947773
1198 582885.6956703401 4086262.1729157344
1199 583876.9484010246 4086271.902041419
1236 620554.0131228431 4086713.218751017
1245 557120.0808625417 4085056.286255975
1246 558111.4300819385 4085063.007194038
1268 579921.2875946695 4085240.129952773
1269 580912.6536622093 4085249.511163626
1270 581904.0205884752 4085259.008049564
1320 559109.6887986573 4084076.3110798006
1321 560101.1551608695 4084083.2626941763
1322 561092.622161708 4084090.3299544468
1323 562084.0898117042 4084097.5128613785
1324 563075.5581213897 4084104.8114157454
1325 564067.0271012954 4084112.225618336
1326 565058.4967619523 4084119.7554699504
1327 566049.9671138912 4084127.400971402
1328 567041.4381676427 4084135.162123515
1329 568032.909933737 4084143.0389271285
1330 569024.3824227047 4084151.031383093
1331 570015.8556450754 4084159.139492271
1332 571007.3296113793 4084167.3632555376
1341 579930.6305224164 4084246.581709548
1342 580922.1125071446 4084255.962064595
1405 571015.627588333 4083173.8237122907
1406 572007.2181933689 4083182.1623688173
1407 572998.8095643054 4083190.6166706625
1416 581923.1681075719 4083271.9095814526
1417 582914.7677172731 4083281.520388778
1418 583906.3682088217 4083291.246852153
1480 573007.3375219392 4082197.0770638706
1481 573999.045531122 4082205.6462282822
1482 574990.7543282222 4082214.331029285
1483 575982.4639237936 4082223.1314678164
1525 617635.127696682 4082697.1848625187
1526 618626.8816069645 4082710.958779676
1527 619618.6367798339 4082724.8483880153
1556 575991.3376077905 4081229.5909460844
1557 576983.1638527319 4081238.506206856
1558 577974.9909182228 4081247.537096491
1559 578966.8188148289 4081256.683615968
1632 578976.0380878142 4080263.1420787647
1633 579967.9826450977 4080272.4033801924
1634 580959.928055636 4080281.780302859
1711 584937.6305632293 4079326.8988963445
1528 620610.3932258314 4082738.8536890363
1598 617648.8676551878 4081703.600953547
1669 615678.6371459402 4080682.8226797204
1670 616670.6203163052 4080696.362739289
1929 583974.942455932 4076336.435859335
2029 610783.3291097456 4075649.0090280664
2030 611775.8851393295 4075661.964817006
2152 587975.3421552101 4073395.850103782
2227 589971.3442968372 4072423.016418943
2228 590964.2245928397 4072433.541852067
2244 606850.4497003359 4072617.664121564
2245 607843.3480870938 4072630.154035733
430 617428.6826316266 4097601.1141503984
799 621459.9517909972 4092688.9427247145
723 618474.2754928167 4093640.4894006904
261 594636.4846144388 4099303.017385463
335 595637.4696105259 4098320.5644228533
408 595648.6978330396 4097326.982379064
1565 584917.8042395349 4081313.9910157043
1710 583945.565834034 4079317.0603812337
2032 613761.0008051022 4075688.2232167246
2079 587965.0955563606 4074389.389470821
2080 588957.7426344471 4074399.685714814
2105 613774.2577062761 4074694.654226876
2178 613787.5118198537 4073701.086662713
2251 613800.7631455205 4072707.5205241
2324 613814.0116829626 4071713.9558109017
2397 613827.2574318661 4070720.3925229856
2467 610860.746955511 4069687.638234035
2470 613840.500391917 4069726.830660214
2541 611867.0059254629 4068707.028832807
2543 613853.7405628016 4068733.270222452
2614 611880.0122198211 4067713.47226018
2615 612873.4944716742 4067726.533973512
2616 613866.9779442059 4067739.7112095677
2304 593953.8073589456 4071472.2691078368
2310 599911.8222633923 4071539.9219498895
